# This is a personal customization file, to be used in addition to default layers defined inside MarsInterp.py
# You may alter any of the above, or define new grid structure using a unique identifier of your choice.

<<<<<<<<<<<<<<| MarsPlot.py Settings |>>>>>>>>>>>>>
add_sol_to_time_axis = False  # If True, displays sol numbers below Ls values on axis
lon_coordinate = 360          # 180 for -180->180 or 360 for 0->360
show_NaN_in_slice = False     # True includes NaNs in slices (like np.mean), False ignores NaNs (like np.nanmean)

<<<<<<<<<<<<<<| Pressure definitions for pstd |>>>>>>>>>>>>>

p44 = [1.0e+03, 9.5e+02, 9.0e+02, 8.5e+02, 8.0e+02, 7.5e+02, 7.0e+02,
       6.5e+02, 6.0e+02, 5.5e+02, 5.0e+02, 4.5e+02, 4.0e+02, 3.5e+02,
       3.0e+02, 2.5e+02, 2.0e+02, 1.5e+02, 1.0e+02, 7.0e+01, 5.0e+01,
       3.0e+01, 2.0e+01, 1.0e+01, 7.0e+00, 5.0e+00, 3.0e+00, 2.0e+00,
       1.0e+00, 5.0e-01, 3.0e-01, 2.0e-01, 1.0e-01, 5.0e-02, 3.0e-02,
       1.0e-02, 5.0e-03, 3.0e-03, 5.0e-04, 3.0e-04, 1.0e-04, 5.0e-05,
       3.0e-05, 1.0e-05]

phalf_mb = [50]

eMars_dflt = [ 1.0e-05, 3.0e-05, 5.0e-05, 1.0e-04, 3.0e-04, 5.0e-04, 
                 0.003,   0.005,    0.01,    0.03,    0.05,     0.1,
                   0.2,     0.3,     0.5, 1.0e+00, 2.0e+00, 3.0e+00, 
               5.0e+00, 7.0e+00, 0.1e+02, 0.2e+02, 0.3e+02, 0.5e+02,
               0.7e+02, 1.0e+02, 1.5e+02, 2.0e+02, 2.5e+02, 3.0e+02,
               3.5e+02, 4.0e+02, 4.5e+02, 5.0e+02, 5.3e+02, 5.5e+02,
               5.9e+02, 6.0e+02, 6.3e+02, 6.5e+02, 6.9e+02, 7.0e+02,
               7.5e+02, 8.0e+02, 8.5e+02, 9.0e+02, 9.5e+02, 10.0e+02 ]

eMars_halfbar = [  0.5, 1.0e+00, 2.0e+00, 3.0e+00, 5.0e+00, 7.0e+00,
               0.1e+02, 0.2e+02, 0.3e+02, 0.5e+02, 0.7e+02, 1.0e+02,
               1.5e+02, 2.0e+02, 3.0e+02, 4.0e+02, 5.0e+02, 6.0e+02,
               7.0e+02, 8.0e+02, 9.0e+02, 10.0e+02, 15.0e+02, 20.0e+02,
              30.0e+02, 40.0e+02, 50.0e+02, 60.0e+02, 70.0e+02, 
              80.0e+02, 90.0e+02, 100.0e+02, 150.0e+02, 200.0e+02,
             250.0e+02, 300.0e+02, 350.0e+02, 400.0e+02, 450.0e+02, 
             500.0e+02, 550.0e+02, 600.0e+02, 650.0e+02, 700.0e+02, 
             750.0e+02, 800.0e+02, 900.0e+02, 1000.0e+02 ]

eMars_1bar = [ 1.0e+00, 5.0e+00, 0.1e+02, 0.2e+02, 0.3e+02, 0.5e+02, 
               0.7e+02, 1.0e+02, 1.5e+02, 2.0e+02, 3.0e+02, 4.0e+02, 
               5.0e+02, 6.0e+02, 7.0e+02, 8.0e+02, 9.0e+02, 10.0e+02, 
              15.0e+02, 20.0e+02, 30.0e+02, 40.0e+02, 50.0e+02, 
              60.0e+02, 70.0e+02, 80.0e+02, 90.0e+02, 100.0e+02, 
             150.0e+02, 200.0e+02, 300.0e+02, 400.0e+02, 500.0e+02, 
             600.0e+02, 700.0e+02, 800.0e+02, 900.0e+02, 1000.0e+02, 
             1100.0e+02, 1200.0e+02, 1300.0e+02, 1400.0e+02, 
             1500.0e+02, 1600.0e+02, 1700.0e+02, 1800.0e+02, 
             1900.0e+02, 2000.0e+02 ]


eMars_2bar = [ 1.0e+00, 5.0e+00, 0.1e+02, 0.2e+02, 0.3e+02, 0.5e+02, 
               0.7e+02, 1.0e+02, 2.0e+02, 3.0e+02, 5.0e+02, 7.0e+02, 
              10.0e+02, 20.0e+02, 30.0e+02, 50.0e+02, 60.0e+02, 
              80.0e+02, 100.0e+02, 200.0e+02, 300.0e+02, 500.0e+02, 
             700.0e+02, 900.0e+02, 1000.0e+02, 1100.0e+02, 1200.0e+02, 
            1300.0e+02, 1500.0e+02, 1700.0e+02, 1800.0e+02, 2000.0e+02, 
            2100.0e+02, 2200.0e+02, 2300.0e+02, 2400.0e+02, 2500.0e+02, 
            2600.0e+02, 2700.0e+02, 2800.0e+02, 2900.0e+02, 3000.0e+02, 
            3100.0e+02, 3200.0e+02, 3300.0e+02, 3400.0e+02, 3500.0e+02, 
            3600.0e+02 ]

<<<<<<<<<<<<<<| Altitude definitions for zstd |>>>>>>>>>>>>>

z48 = [-7000, -6000, -5000, -4500, -4000, -3500, -3000, -2500, -2000, 
       -1500, -1000,  -500,     0,   500,  1000,  1500,  2000,  2500, 
        3000,  3500,  4000,  4500,  5000,  6000,  7000,  8000,  9000, 
       10000, 12000, 14000, 16000, 18000, 20000, 25000, 30000, 35000, 
       40000, 45000, 50000, 55000, 60000, 70000, 80000, 90000, 100000, 
      110000, 120000, 13000]

<<<<<<<<<<<<<<| Altitude definitions for zagl |>>>>>>>>>>>>>

zagl42 = [0,   15,   30,   50,  100,  200,  300,   500,  1000,  2000, 
       3000, 4000, 5000, 6000, 7000, 8000, 9000, 10000, 12000, 14000, 
      16000, 18000, 20000, 25000, 30000, 35000, 40000, 45000, 50000, 
      55000, 60000, 65000, 70000, 75000, 80000, 85000, 90000, 95000,
     100000, 110000, 120000, 130000]
