# This is a customization file, used by MarsInterp.py

<<<<<<<<<<<<<<| Pressure definitions for pstd |>>>>>>>>>>>>>

p44=[1.0e+03, 9.5e+02, 9.0e+02, 8.5e+02, 8.0e+02, 7.5e+02, 7.0e+02,
       6.5e+02, 6.0e+02, 5.5e+02, 5.0e+02, 4.5e+02, 4.0e+02, 3.5e+02,
       3.0e+02, 2.5e+02, 2.0e+02, 1.5e+02, 1.0e+02, 7.0e+01, 5.0e+01,
       3.0e+01, 2.0e+01, 1.0e+01, 7.0e+00, 5.0e+00, 3.0e+00, 2.0e+00,
       1.0e+00, 5.0e-01, 3.0e-01, 2.0e-01, 1.0e-01, 5.0e-02, 3.0e-02,
       1.0e-02, 5.0e-03, 3.0e-03, 5.0e-04, 3.0e-04, 1.0e-04, 5.0e-05,
       3.0e-05, 1.0e-05]

phalf_mb=[50]
<<<<<<<<<<<<<<| Altitude definitions for zstd |>>>>>>>>>>>>>

z20=[1.0e+03, 9.5e+02, 9.0e+02, 8.5e+02, 8.0e+02, 7.5e+02, 7.0e+02,
       6.5e+02, 6.0e+02, 5.5e+02, 5.0e+02, 4.5e+02, 4.0e+02, 3.5e+02,
       3.0e+02, 2.5e+02, 2.0e+02, 1.5e+02, 1.0e+02, 7.0e+01, 5.0e+01,
       3.0e+01, 2.0e+01, 1.0e+01, 7.0e+00, 5.0e+00, 3.0e+00, 2.0e+00,
       1.0e+00, 5.0e-01, 3.0e-01, 2.0e-01, 1.0e-01, 5.0e-02, 3.0e-02,
       1.0e-02, 5.0e-03, 3.0e-03, 5.0e-04, 3.0e-04, 1.0e-04, 5.0e-05,
       3.0e-05, 1.0e-05]

<<<<<<<<<<<<<<| Altitude definitions for zagl |>>>>>>>>>>>>>
